x y
-2.4424 -1.4312
1.2137 -0.6937
0.0478 -0.1242
0.6601 0.5250
-0.4011 -0.7431
1.3211 0.4732
-1.1243 -0.2985
2.0495 0.5324
-1.4050 0.0687
0.1569 -0.2516
-1.5138 -0.9494
-1.3839 0.0669
-0.9371 -0.4475
-0.9301 -0.8088
0.3414 -0.0977
0.3601 -0.0432
0.3114 -0.0151
-0.1706 -0.0450
-0.7464 0.3313
1.8802 1.6733
0.5641 -0.3149
0.1928 0.1626
-1.3153 -1.2272
-0.3633 -0.1199
2.5983 0.7905
-1.0261 -0.1778
-1.6808 -0.6084
-0.6157 -0.2515
-1.5614 -1.2466
0.0876 0.2563
1.9202 1.7024
1.1038 0.5636
-2.9029 -1.9530
0.3865 1.0147
1.5859 0.6363
-0.8567 -0.2102
-0.9484 -0.3022
-2.1467 -0.6104
-0.7281 -0.7219
1.3798 -0.2257
-0.6172 -1.2440
-1.6634 0.0698
1.6130 0.5221
0.4659 0.6842
1.2158 0.5932
0.7607 0.2896
-1.6519 -1.3565
-0.1902 0.0506
-0.9774 -1.1507
-1.6983 -0.6681
-1.2816 -0.6317
2.4209 0.9706
-1.1945 -0.6031
-0.3411 0.7450
-3.1342 -1.6721
-2.3409 -2.2474
2.6802 1.8802
0.2164 0.4234
-0.7423 -0.4270
-1.0269 -0.4559
2.0868 1.2344
-0.6809 0.5853
1.5598 0.8513
0.5963 0.2626
-2.4554 -1.0993
0.5924 0.4066
-0.9038 -0.9739
0.0162 0.8079
-1.2314 -0.6643
0.6757 0.2940
1.9606 1.5364
-0.5426 -0.2048
1.9525 0.6871
-0.8127 -0.2875
0.5636 0.5703
-1.2150 -0.9768
0.9023 0.0497
1.4324 1.1809
-0.8235 -0.2520
1.8454 0.4614
0.1515 -0.1168
-0.0534 -0.3714
-1.3355 0.2203
-2.5564 -0.5255
-0.3264 0.3094
0.3066 0.6452
0.6065 0.0865
0.7312 0.7584
-0.4598 -0.1363
1.5489 0.9091
1.6920 1.6654
0.1134 0.1726
0.4518 -0.5538
1.9125 1.0157
-1.9042 -1.5676
0.9751 0.5077
2.7108 0.5896
0.5594 0.2876
0.1971 0.9000
0.1244 0.2631
-2.6489 -0.5269
2.2938 1.0406
-1.3824 -1.4245
1.5481 0.1751
2.1322 0.5689
-0.5493 0.3679
-2.1926 -1.1465
2.7644 1.4543
0.3734 0.3913
0.5295 -0.6206
-0.1784 -1.1355
0.8777 0.6388
-0.8583 0.3577
3.2342 1.9062
-0.9362 -0.6513
-0.6999 -0.9206
-1.0733 -0.2831
1.4962 0.4690
0.3754 -0.1215
-1.5438 -0.7183
