x y
0.000000 0.000000
0.005025 0.031569
0.010050 0.063106
0.015075 0.094580
0.020101 0.125960
0.025126 0.157214
0.030151 0.188312
0.035176 0.219222
0.040201 0.249913
0.045226 0.280355
0.050251 0.310518
0.055276 0.340371
0.060302 0.369885
0.065327 0.399031
0.070352 0.427778
0.075377 0.456099
0.080402 0.483966
0.085427 0.511350
0.090452 0.538224
0.095477 0.564562
0.100503 0.590337
0.105528 0.615523
0.110553 0.640096
0.115578 0.664031
0.120603 0.687304
0.125628 0.709892
0.130653 0.731772
0.135678 0.752923
0.140704 0.773323
0.145729 0.792953
0.150754 0.811792
0.155779 0.829821
0.160804 0.847024
0.165829 0.863382
0.170854 0.878880
0.175879 0.893501
0.180905 0.907232
0.185930 0.920059
0.190955 0.931968
0.195980 0.942948
0.201005 0.952989
0.206030 0.962079
0.211055 0.970211
0.216080 0.977375
0.221106 0.983565
0.226131 0.988775
0.231156 0.992999
0.236181 0.996233
0.241206 0.998474
0.246231 0.999720
0.251256 0.999969
0.256281 0.999221
0.261307 0.997478
0.266332 0.994740
0.271357 0.991010
0.276382 0.986293
0.281407 0.980592
0.286432 0.973914
0.291457 0.966265
0.296482 0.957653
0.301508 0.948087
0.306533 0.937575
0.311558 0.926129
0.316583 0.913759
0.321608 0.900479
0.326633 0.886301
0.331658 0.871240
0.336683 0.855310
0.341709 0.838527
0.346734 0.820909
0.351759 0.802472
0.356784 0.783236
0.361809 0.763218
0.366834 0.742440
0.371859 0.720922
0.376884 0.698685
0.381910 0.675752
0.386935 0.652145
0.391960 0.627888
0.396985 0.603005
0.402010 0.577521
0.407035 0.551462
0.412060 0.524852
0.417085 0.497720
0.422111 0.470091
0.427136 0.441994
0.432161 0.413456
0.437186 0.384506
0.442211 0.355173
0.447236 0.325485
0.452261 0.295473
0.457286 0.265167
0.462312 0.234597
0.467337 0.203792
0.472362 0.172784
0.477387 0.141605
0.482412 0.110283
0.487437 0.078853
0.492462 0.047343
0.497487 0.015786
0.502513 -0.015786
0.507538 -0.047343
0.512563 -0.078853
0.517588 -0.110283
0.522613 -0.141605
0.527638 -0.172784
0.532663 -0.203792
0.537688 -0.234597
0.542714 -0.265167
0.547739 -0.295473
0.552764 -0.325485
0.557789 -0.355173
0.562814 -0.384506
0.567839 -0.413456
0.572864 -0.441994
0.577889 -0.470091
0.582915 -0.497720
0.587940 -0.524852
0.592965 -0.551462
0.597990 -0.577521
0.603015 -0.603005
0.608040 -0.627888
0.613065 -0.652145
0.618090 -0.675752
0.623116 -0.698685
0.628141 -0.720922
0.633166 -0.742440
0.638191 -0.763218
0.643216 -0.783236
0.648241 -0.802472
0.653266 -0.820909
0.658291 -0.838527
0.663317 -0.855310
0.668342 -0.871240
0.673367 -0.886301
0.678392 -0.900479
0.683417 -0.913759
0.688442 -0.926129
0.693467 -0.937575
0.698492 -0.948087
0.703518 -0.957653
0.708543 -0.966265
0.713568 -0.973914
0.718593 -0.980592
0.723618 -0.986293
0.728643 -0.991010
0.733668 -0.994740
0.738693 -0.997478
0.743719 -0.999221
0.748744 -0.999969
0.753769 -0.999720
0.758794 -0.998474
0.763819 -0.996233
0.768844 -0.992999
0.773869 -0.988775
0.778894 -0.983565
0.783920 -0.977375
0.788945 -0.970211
0.793970 -0.962079
0.798995 -0.952989
0.804020 -0.942948
0.809045 -0.931968
0.814070 -0.920059
0.819095 -0.907232
0.824121 -0.893501
0.829146 -0.878880
0.834171 -0.863382
0.839196 -0.847024
0.844221 -0.829821
0.849246 -0.811792
0.854271 -0.792953
0.859296 -0.773323
0.864322 -0.752923
0.869347 -0.731772
0.874372 -0.709892
0.879397 -0.687304
0.884422 -0.664031
0.889447 -0.640096
0.894472 -0.615523
0.899497 -0.590337
0.904523 -0.564562
0.909548 -0.538224
0.914573 -0.511350
0.919598 -0.483966
0.924623 -0.456099
0.929648 -0.427778
0.934673 -0.399031
0.939698 -0.369885
0.944724 -0.340371
0.949749 -0.310518
0.954774 -0.280355
0.959799 -0.249913
0.964824 -0.219222
0.969849 -0.188312
0.974874 -0.157214
0.979899 -0.125960
0.984925 -0.094580
0.989950 -0.063106
0.994975 -0.031569
1.000000 -0.000000
