x y
0.000000 -0.053888
0.005025 -0.000762
0.010050 0.050723
0.015075 0.100582
0.020101 0.148833
0.025126 0.195492
0.030151 0.240578
0.035176 0.284106
0.040201 0.326094
0.045226 0.366559
0.050251 0.405518
0.055276 0.442988
0.060302 0.478986
0.065327 0.513528
0.070352 0.546633
0.075377 0.578316
0.080402 0.608595
0.085427 0.637487
0.090452 0.665010
0.095477 0.691179
0.100503 0.716012
0.105528 0.739526
0.110553 0.761738
0.115578 0.782665
0.120603 0.802324
0.125628 0.820731
0.130653 0.837905
0.135678 0.853862
0.140704 0.868619
0.145729 0.882194
0.150754 0.894602
0.155779 0.905861
0.160804 0.915988
0.165829 0.925000
0.170854 0.932915
0.175879 0.939748
0.180905 0.945518
0.185930 0.950241
0.190955 0.953934
0.195980 0.956614
0.201005 0.958298
0.206030 0.959003
0.211055 0.958747
0.216080 0.957545
0.221106 0.955416
0.226131 0.952376
0.231156 0.948442
0.236181 0.943632
0.241206 0.937961
0.246231 0.931448
0.251256 0.924110
0.256281 0.915962
0.261307 0.907023
0.266332 0.897308
0.271357 0.886837
0.276382 0.875624
0.281407 0.863688
0.286432 0.851045
0.291457 0.837712
0.296482 0.823707
0.301508 0.809046
0.306533 0.793747
0.311558 0.777825
0.316583 0.761300
0.321608 0.744186
0.326633 0.726502
0.331658 0.708264
0.336683 0.689490
0.341709 0.670196
0.346734 0.650400
0.351759 0.630118
0.356784 0.609367
0.361809 0.588165
0.366834 0.566528
0.371859 0.544474
0.376884 0.522019
0.381910 0.499181
0.386935 0.475976
0.391960 0.452422
0.396985 0.428535
0.402010 0.404333
0.407035 0.379832
0.412060 0.355050
0.417085 0.330004
0.422111 0.304710
0.427136 0.279185
0.432161 0.253447
0.437186 0.227513
0.442211 0.201400
0.447236 0.175123
0.452261 0.148702
0.457286 0.122152
0.462312 0.095491
0.467337 0.068736
0.472362 0.041903
0.477387 0.015010
0.482412 -0.011927
0.487437 -0.038890
0.492462 -0.065862
0.497487 -0.092826
0.502513 -0.119766
0.507538 -0.146664
0.512563 -0.173503
0.517588 -0.200267
0.522613 -0.226937
0.527638 -0.253498
0.532663 -0.279932
0.537688 -0.306223
0.542714 -0.332353
0.547739 -0.358304
0.552764 -0.384061
0.557789 -0.409607
0.562814 -0.434923
0.567839 -0.459993
0.572864 -0.484801
0.577889 -0.509329
0.582915 -0.533560
0.587940 -0.557477
0.592965 -0.581063
0.597990 -0.604301
0.603015 -0.627175
0.608040 -0.649666
0.613065 -0.671759
0.618090 -0.693435
0.623116 -0.714679
0.628141 -0.735473
0.633166 -0.755799
0.638191 -0.775642
0.643216 -0.794984
0.648241 -0.813808
0.653266 -0.832097
0.658291 -0.849833
0.663317 -0.867001
0.668342 -0.883583
0.673367 -0.899562
0.678392 -0.914920
0.683417 -0.929642
0.688442 -0.943709
0.693467 -0.957106
0.698492 -0.969814
0.703518 -0.981817
0.708543 -0.993099
0.713568 -1.003641
0.718593 -1.013426
0.723618 -1.022439
0.728643 -1.030662
0.733668 -1.038077
0.738693 -1.044669
0.743719 -1.050419
0.748744 -1.055311
0.753769 -1.059328
0.758794 -1.062452
0.763819 -1.064668
0.768844 -1.065957
0.773869 -1.066303
0.778894 -1.065688
0.783920 -1.064097
0.788945 -1.061511
0.793970 -1.057914
0.798995 -1.053289
0.804020 -1.047618
0.809045 -1.040885
0.814070 -1.033073
0.819095 -1.024164
0.824121 -1.014142
0.829146 -1.002990
0.834171 -0.990691
0.839196 -0.977227
0.844221 -0.962581
0.849246 -0.946738
0.854271 -0.929679
0.859296 -0.911387
0.864322 -0.891846
0.869347 -0.871039
0.874372 -0.848949
0.879397 -0.825558
0.884422 -0.800849
0.889447 -0.774806
0.894472 -0.747412
0.899497 -0.718649
0.904523 -0.688500
0.909548 -0.656950
0.914573 -0.623979
0.919598 -0.589572
0.924623 -0.553712
0.929648 -0.516381
0.934673 -0.477563
0.939698 -0.437240
0.944724 -0.395395
0.949749 -0.352012
0.954774 -0.307074
0.959799 -0.260562
0.964824 -0.212462
0.969849 -0.162754
0.974874 -0.111423
0.979899 -0.058452
0.984925 -0.003822
0.989950 0.052482
0.994975 0.110477
1.000000 0.170181
