x y
0.000000 0.651714
0.005025 0.644757
0.010050 0.637800
0.015075 0.630842
0.020101 0.623885
0.025126 0.616928
0.030151 0.609971
0.035176 0.603014
0.040201 0.596057
0.045226 0.589100
0.050251 0.582142
0.055276 0.575185
0.060302 0.568228
0.065327 0.561271
0.070352 0.554314
0.075377 0.547357
0.080402 0.540400
0.085427 0.533442
0.090452 0.526485
0.095477 0.519528
0.100503 0.512571
0.105528 0.505614
0.110553 0.498657
0.115578 0.491700
0.120603 0.484742
0.125628 0.477785
0.130653 0.470828
0.135678 0.463871
0.140704 0.456914
0.145729 0.449957
0.150754 0.443000
0.155779 0.436043
0.160804 0.429085
0.165829 0.422128
0.170854 0.415171
0.175879 0.408214
0.180905 0.401257
0.185930 0.394300
0.190955 0.387343
0.195980 0.380385
0.201005 0.373428
0.206030 0.366471
0.211055 0.359514
0.216080 0.352557
0.221106 0.345600
0.226131 0.338643
0.231156 0.331685
0.236181 0.324728
0.241206 0.317771
0.246231 0.310814
0.251256 0.303857
0.256281 0.296900
0.261307 0.289943
0.266332 0.282985
0.271357 0.276028
0.276382 0.269071
0.281407 0.262114
0.286432 0.255157
0.291457 0.248200
0.296482 0.241243
0.301508 0.234285
0.306533 0.227328
0.311558 0.220371
0.316583 0.213414
0.321608 0.206457
0.326633 0.199500
0.331658 0.192543
0.336683 0.185585
0.341709 0.178628
0.346734 0.171671
0.351759 0.164714
0.356784 0.157757
0.361809 0.150800
0.366834 0.143843
0.371859 0.136886
0.376884 0.129928
0.381910 0.122971
0.386935 0.116014
0.391960 0.109057
0.396985 0.102100
0.402010 0.095143
0.407035 0.088186
0.412060 0.081228
0.417085 0.074271
0.422111 0.067314
0.427136 0.060357
0.432161 0.053400
0.437186 0.046443
0.442211 0.039486
0.447236 0.032528
0.452261 0.025571
0.457286 0.018614
0.462312 0.011657
0.467337 0.004700
0.472362 -0.002257
0.477387 -0.009214
0.482412 -0.016172
0.487437 -0.023129
0.492462 -0.030086
0.497487 -0.037043
0.502513 -0.044000
0.507538 -0.050957
0.512563 -0.057914
0.517588 -0.064872
0.522613 -0.071829
0.527638 -0.078786
0.532663 -0.085743
0.537688 -0.092700
0.542714 -0.099657
0.547739 -0.106614
0.552764 -0.113571
0.557789 -0.120529
0.562814 -0.127486
0.567839 -0.134443
0.572864 -0.141400
0.577889 -0.148357
0.582915 -0.155314
0.587940 -0.162271
0.592965 -0.169229
0.597990 -0.176186
0.603015 -0.183143
0.608040 -0.190100
0.613065 -0.197057
0.618090 -0.204014
0.623116 -0.210971
0.628141 -0.217929
0.633166 -0.224886
0.638191 -0.231843
0.643216 -0.238800
0.648241 -0.245757
0.653266 -0.252714
0.658291 -0.259671
0.663317 -0.266629
0.668342 -0.273586
0.673367 -0.280543
0.678392 -0.287500
0.683417 -0.294457
0.688442 -0.301414
0.693467 -0.308371
0.698492 -0.315329
0.703518 -0.322286
0.708543 -0.329243
0.713568 -0.336200
0.718593 -0.343157
0.723618 -0.350114
0.728643 -0.357071
0.733668 -0.364028
0.738693 -0.370986
0.743719 -0.377943
0.748744 -0.384900
0.753769 -0.391857
0.758794 -0.398814
0.763819 -0.405771
0.768844 -0.412728
0.773869 -0.419686
0.778894 -0.426643
0.783920 -0.433600
0.788945 -0.440557
0.793970 -0.447514
0.798995 -0.454471
0.804020 -0.461428
0.809045 -0.468386
0.814070 -0.475343
0.819095 -0.482300
0.824121 -0.489257
0.829146 -0.496214
0.834171 -0.503171
0.839196 -0.510128
0.844221 -0.517086
0.849246 -0.524043
0.854271 -0.531000
0.859296 -0.537957
0.864322 -0.544914
0.869347 -0.551871
0.874372 -0.558828
0.879397 -0.565786
0.884422 -0.572743
0.889447 -0.579700
0.894472 -0.586657
0.899497 -0.593614
0.904523 -0.600571
0.909548 -0.607528
0.914573 -0.614485
0.919598 -0.621443
0.924623 -0.628400
0.929648 -0.635357
0.934673 -0.642314
0.939698 -0.649271
0.944724 -0.656228
0.949749 -0.663185
0.954774 -0.670143
0.959799 -0.677100
0.964824 -0.684057
0.969849 -0.691014
0.974874 -0.697971
0.979899 -0.704928
0.984925 -0.711885
0.989950 -0.718843
0.994975 -0.725800
1.000000 -0.732757
