x y
0.000000 0.054924
0.005025 0.235007
0.010050 0.371130
0.015075 0.470215
0.020101 0.538454
0.025126 0.581368
0.030151 0.603855
0.035176 0.610236
0.040201 0.604304
0.045226 0.589367
0.050251 0.568286
0.055276 0.543513
0.060302 0.517131
0.065327 0.490882
0.070352 0.466204
0.075377 0.444260
0.080402 0.425961
0.085427 0.411999
0.090452 0.402868
0.095477 0.398885
0.100503 0.400217
0.105528 0.406892
0.110553 0.418826
0.115578 0.435834
0.120603 0.457649
0.125628 0.483931
0.130653 0.514289
0.135678 0.548283
0.140704 0.585442
0.145729 0.625270
0.150754 0.667258
0.155779 0.710888
0.160804 0.755644
0.165829 0.801017
0.170854 0.846507
0.175879 0.891635
0.180905 0.935941
0.185930 0.978990
0.190955 1.020375
0.195980 1.059719
0.201005 1.096677
0.206030 1.130938
0.211055 1.162223
0.216080 1.190292
0.221106 1.214938
0.226131 1.235989
0.231156 1.253309
0.236181 1.266796
0.241206 1.276380
0.246231 1.282026
0.251256 1.283728
0.256281 1.281509
0.261307 1.275422
0.266332 1.265544
0.271357 1.251977
0.276382 1.234847
0.281407 1.214298
0.286432 1.190493
0.291457 1.163613
0.296482 1.133851
0.301508 1.101414
0.306533 1.066518
0.311558 1.029388
0.316583 0.990254
0.321608 0.949351
0.326633 0.906918
0.331658 0.863190
0.336683 0.818406
0.341709 0.772798
0.346734 0.726596
0.351759 0.680023
0.356784 0.633295
0.361809 0.586620
0.366834 0.540194
0.371859 0.494206
0.376884 0.448831
0.381910 0.404230
0.386935 0.360554
0.391960 0.317938
0.396985 0.276502
0.402010 0.236354
0.407035 0.197585
0.412060 0.160272
0.417085 0.124475
0.422111 0.090240
0.427136 0.057599
0.432161 0.026569
0.437186 -0.002850
0.442211 -0.030668
0.447236 -0.056911
0.452261 -0.081616
0.457286 -0.104833
0.462312 -0.126623
0.467337 -0.147058
0.472362 -0.166219
0.477387 -0.184195
0.482412 -0.201083
0.487437 -0.216988
0.492462 -0.232019
0.497487 -0.246290
0.502513 -0.259918
0.507538 -0.273022
0.512563 -0.285724
0.517588 -0.298143
0.522613 -0.310400
0.527638 -0.322611
0.532663 -0.334890
0.537688 -0.347349
0.542714 -0.360090
0.547739 -0.373211
0.552764 -0.386804
0.557789 -0.400952
0.562814 -0.415727
0.567839 -0.431195
0.572864 -0.447409
0.577889 -0.464411
0.582915 -0.482233
0.587940 -0.500894
0.592965 -0.520401
0.597990 -0.540749
0.603015 -0.561920
0.608040 -0.583882
0.613065 -0.606592
0.618090 -0.629993
0.623116 -0.654018
0.628141 -0.678584
0.633166 -0.703601
0.638191 -0.728965
0.643216 -0.754561
0.648241 -0.780269
0.653266 -0.805955
0.658291 -0.831481
0.663317 -0.856700
0.668342 -0.881462
0.673367 -0.905610
0.678392 -0.928988
0.683417 -0.951435
0.688442 -0.972792
0.693467 -0.992901
0.698492 -1.011609
0.703518 -1.028765
0.708543 -1.044228
0.713568 -1.057863
0.718593 -1.069546
0.723618 -1.079166
0.728643 -1.086625
0.733668 -1.091840
0.738693 -1.094745
0.743719 -1.095294
0.748744 -1.093461
0.753769 -1.089240
0.758794 -1.082649
0.763819 -1.073732
0.768844 -1.062557
0.773869 -1.049216
0.778894 -1.033831
0.783920 -1.016551
0.788945 -0.997549
0.793970 -0.977030
0.798995 -0.955221
0.804020 -0.932378
0.809045 -0.908782
0.814070 -0.884735
0.819095 -0.860561
0.824121 -0.836604
0.829146 -0.813221
0.834171 -0.790783
0.839196 -0.769668
0.844221 -0.750256
0.849246 -0.732925
0.854271 -0.718045
0.859296 -0.705966
0.864322 -0.697019
0.869347 -0.691498
0.874372 -0.689657
0.879397 -0.691695
0.884422 -0.697746
0.889447 -0.707867
0.894472 -0.722022
0.899497 -0.740069
0.904523 -0.761741
0.909548 -0.786629
0.914573 -0.814166
0.919598 -0.843599
0.924623 -0.873975
0.929648 -0.904110
0.934673 -0.932570
0.939698 -0.957637
0.944724 -0.977284
0.949749 -0.989143
0.954774 -0.990473
0.959799 -0.978121
0.964824 -0.948489
0.969849 -0.897491
0.974874 -0.820513
0.979899 -0.712370
0.984925 -0.567253
0.989950 -0.378686
0.994975 -0.139472
1.000000 0.158366
