q B
0.00000 0.000000
0.00250 0.025212
0.00500 0.045415
0.00750 0.063721
0.01000 0.080793
0.01250 0.096945
0.01500 0.112361
0.01750 0.127164
0.02000 0.141441
0.02250 0.155256
0.02500 0.168661
0.02750 0.181695
0.03000 0.194392
0.03250 0.206778
0.03500 0.218878
0.03750 0.230710
0.04000 0.242292
0.04250 0.253639
0.04500 0.264765
0.04750 0.275681
0.05000 0.286397
0.05250 0.296923
0.05500 0.307268
0.05750 0.317440
0.06000 0.327445
0.06250 0.337290
0.06500 0.346981
0.06750 0.356524
0.07000 0.365924
0.07250 0.375185
0.07500 0.384312
0.07750 0.393308
0.08000 0.402179
0.08250 0.410927
0.08500 0.419556
0.08750 0.428070
0.09000 0.436470
0.09250 0.444760
0.09500 0.452943
0.09750 0.461020
0.10000 0.468996
0.10250 0.476871
0.10500 0.484648
0.10750 0.492329
0.11000 0.499916
0.11250 0.507411
0.11500 0.514816
0.11750 0.522132
0.12000 0.529361
0.12250 0.536505
0.12500 0.543564
0.12750 0.550542
0.13000 0.557438
0.13250 0.564255
0.13500 0.570993
0.13750 0.577654
0.14000 0.584239
0.14250 0.590749
0.14500 0.597185
0.14750 0.603549
0.15000 0.609840
0.15250 0.616061
0.15500 0.622213
0.15750 0.628295
0.16000 0.634310
0.16250 0.640257
0.16500 0.646138
0.16750 0.651954
0.17000 0.657705
0.17250 0.663392
0.17500 0.669016
0.17750 0.674577
0.18000 0.680077
0.18250 0.685516
0.18500 0.690894
0.18750 0.696212
0.19000 0.701471
0.19250 0.706672
0.19500 0.711815
0.19750 0.716900
0.20000 0.721928
0.20250 0.726900
0.20500 0.731816
0.20750 0.736677
0.21000 0.741483
0.21250 0.746234
0.21500 0.750932
0.21750 0.755576
0.22000 0.760168
0.22250 0.764706
0.22500 0.769193
0.22750 0.773628
0.23000 0.778011
0.23250 0.782344
0.23500 0.786626
0.23750 0.790858
0.24000 0.795040
0.24250 0.799173
0.24500 0.803257
0.24750 0.807292
0.25000 0.811278
0.25250 0.815217
0.25500 0.819107
0.25750 0.822950
0.26000 0.826746
0.26250 0.830496
0.26500 0.834198
0.26750 0.837854
0.27000 0.841465
0.27250 0.845029
0.27500 0.848548
0.27750 0.852022
0.28000 0.855451
0.28250 0.858835
0.28500 0.862175
0.28750 0.865470
0.29000 0.868721
0.29250 0.871929
0.29500 0.875093
0.29750 0.878213
0.30000 0.881291
0.30250 0.884325
0.30500 0.887317
0.30750 0.890267
0.31000 0.893173
0.31250 0.896038
0.31500 0.898861
0.31750 0.901642
0.32000 0.904381
0.32250 0.907079
0.32500 0.909736
0.32750 0.912352
0.33000 0.914926
0.33250 0.917460
0.33500 0.919953
0.33750 0.922406
0.34000 0.924819
0.34250 0.927191
0.34500 0.929523
0.34750 0.931816
0.35000 0.934068
0.35250 0.936281
0.35500 0.938454
0.35750 0.940588
0.36000 0.942683
0.36250 0.944739
0.36500 0.946755
0.36750 0.948733
0.37000 0.950672
0.37250 0.952572
0.37500 0.954434
0.37750 0.956257
0.38000 0.958042
0.38250 0.959789
0.38500 0.961497
0.38750 0.963167
0.39000 0.964800
0.39250 0.966394
0.39500 0.967951
0.39750 0.969469
0.40000 0.970951
0.40250 0.972394
0.40500 0.973800
0.40750 0.975169
0.41000 0.976500
0.41250 0.977795
0.41500 0.979051
0.41750 0.980271
0.42000 0.981454
0.42250 0.982600
0.42500 0.983708
0.42750 0.984780
0.43000 0.985815
0.43250 0.986813
0.43500 0.987775
0.43750 0.988699
0.44000 0.989588
0.44250 0.990439
0.44500 0.991254
0.44750 0.992032
0.45000 0.992774
0.45250 0.993480
0.45500 0.994149
0.45750 0.994782
0.46000 0.995378
0.46250 0.995939
0.46500 0.996463
0.46750 0.996950
0.47000 0.997402
0.47250 0.997817
0.47500 0.998196
0.47750 0.998539
0.48000 0.998846
0.48250 0.999116
0.48500 0.999351
0.48750 0.999549
0.49000 0.999711
0.49250 0.999838
0.49500 0.999928
0.49750 0.999982
0.50000 1.000000
0.50250 0.999982
0.50500 0.999928
0.50750 0.999838
0.51000 0.999711
0.51250 0.999549
0.51500 0.999351
0.51750 0.999116
0.52000 0.998846
0.52250 0.998539
0.52500 0.998196
0.52750 0.997817
0.53000 0.997402
0.53250 0.996950
0.53500 0.996463
0.53750 0.995939
0.54000 0.995378
0.54250 0.994782
0.54500 0.994149
0.54750 0.993480
0.55000 0.992774
0.55250 0.992032
0.55500 0.991254
0.55750 0.990439
0.56000 0.989588
0.56250 0.988699
0.56500 0.987775
0.56750 0.986813
0.57000 0.985815
0.57250 0.984780
0.57500 0.983708
0.57750 0.982600
0.58000 0.981454
0.58250 0.980271
0.58500 0.979051
0.58750 0.977795
0.59000 0.976500
0.59250 0.975169
0.59500 0.973800
0.59750 0.972394
0.60000 0.970951
0.60250 0.969469
0.60500 0.967951
0.60750 0.966394
0.61000 0.964800
0.61250 0.963167
0.61500 0.961497
0.61750 0.959789
0.62000 0.958042
0.62250 0.956257
0.62500 0.954434
0.62750 0.952572
0.63000 0.950672
0.63250 0.948733
0.63500 0.946755
0.63750 0.944739
0.64000 0.942683
0.64250 0.940588
0.64500 0.938454
0.64750 0.936281
0.65000 0.934068
0.65250 0.931816
0.65500 0.929523
0.65750 0.927191
0.66000 0.924819
0.66250 0.922406
0.66500 0.919953
0.66750 0.917460
0.67000 0.914926
0.67250 0.912352
0.67500 0.909736
0.67750 0.907079
0.68000 0.904381
0.68250 0.901642
0.68500 0.898861
0.68750 0.896038
0.69000 0.893173
0.69250 0.890267
0.69500 0.887317
0.69750 0.884325
0.70000 0.881291
0.70250 0.878213
0.70500 0.875093
0.70750 0.871929
0.71000 0.868721
0.71250 0.865470
0.71500 0.862175
0.71750 0.858835
0.72000 0.855451
0.72250 0.852022
0.72500 0.848548
0.72750 0.845029
0.73000 0.841465
0.73250 0.837854
0.73500 0.834198
0.73750 0.830496
0.74000 0.826746
0.74250 0.822950
0.74500 0.819107
0.74750 0.815217
0.75000 0.811278
0.75250 0.807292
0.75500 0.803257
0.75750 0.799173
0.76000 0.795040
0.76250 0.790858
0.76500 0.786626
0.76750 0.782344
0.77000 0.778011
0.77250 0.773628
0.77500 0.769193
0.77750 0.764706
0.78000 0.760168
0.78250 0.755576
0.78500 0.750932
0.78750 0.746234
0.79000 0.741483
0.79250 0.736677
0.79500 0.731816
0.79750 0.726900
0.80000 0.721928
0.80250 0.716900
0.80500 0.711815
0.80750 0.706672
0.81000 0.701471
0.81250 0.696212
0.81500 0.690894
0.81750 0.685516
0.82000 0.680077
0.82250 0.674577
0.82500 0.669016
0.82750 0.663392
0.83000 0.657705
0.83250 0.651954
0.83500 0.646138
0.83750 0.640257
0.84000 0.634310
0.84250 0.628295
0.84500 0.622213
0.84750 0.616061
0.85000 0.609840
0.85250 0.603549
0.85500 0.597185
0.85750 0.590749
0.86000 0.584239
0.86250 0.577654
0.86500 0.570993
0.86750 0.564255
0.87000 0.557438
0.87250 0.550542
0.87500 0.543564
0.87750 0.536505
0.88000 0.529361
0.88250 0.522132
0.88500 0.514816
0.88750 0.507411
0.89000 0.499916
0.89250 0.492329
0.89500 0.484648
0.89750 0.476871
0.90000 0.468996
0.90250 0.461020
0.90500 0.452943
0.90750 0.444760
0.91000 0.436470
0.91250 0.428070
0.91500 0.419556
0.91750 0.410927
0.92000 0.402179
0.92250 0.393308
0.92500 0.384312
0.92750 0.375185
0.93000 0.365924
0.93250 0.356524
0.93500 0.346981
0.93750 0.337290
0.94000 0.327445
0.94250 0.317440
0.94500 0.307268
0.94750 0.296923
0.95000 0.286397
0.95250 0.275681
0.95500 0.264765
0.95750 0.253639
0.96000 0.242292
0.96250 0.230710
0.96500 0.218878
0.96750 0.206778
0.97000 0.194392
0.97250 0.181695
0.97500 0.168661
0.97750 0.155256
0.98000 0.141441
0.98250 0.127164
0.98500 0.112361
0.98750 0.096945
0.99000 0.080793
0.99250 0.063721
0.99500 0.045415
0.99750 0.025212
1.00000 0.000000
