x p
0.00000 0.0000000
0.05000 0.0121914
0.10000 0.0237807
0.15000 0.0347904
0.20000 0.0452419
0.25000 0.0551561
0.30000 0.0645531
0.35000 0.0734525
0.40000 0.0818731
0.45000 0.0898331
0.50000 0.0973501
0.55000 0.1044412
0.60000 0.1111227
0.65000 0.1174107
0.70000 0.1233204
0.75000 0.1288667
0.80000 0.1340640
0.85000 0.1389261
0.90000 0.1434663
0.95000 0.1476977
1.00000 0.1516327
1.05000 0.1552833
1.10000 0.1586612
1.15000 0.1617776
1.20000 0.1646435
1.25000 0.1672692
1.30000 0.1696649
1.35000 0.1718403
1.40000 0.1738049
1.45000 0.1755677
1.50000 0.1771375
1.55000 0.1785227
1.60000 0.1797316
1.65000 0.1807719
1.70000 0.1816513
1.75000 0.1823771
1.80000 0.1829563
1.85000 0.1833958
1.90000 0.1837020
1.95000 0.1838813
2.00000 0.1839397
2.05000 0.1838832
2.10000 0.1837173
2.15000 0.1834475
2.20000 0.1830791
2.25000 0.1826170
2.30000 0.1820661
2.35000 0.1814312
2.40000 0.1807165
2.45000 0.1799266
2.50000 0.1790655
2.55000 0.1781372
2.60000 0.1771457
2.65000 0.1760945
2.70000 0.1749872
2.75000 0.1738272
2.80000 0.1726179
2.85000 0.1713623
2.90000 0.1700635
2.95000 0.1687243
3.00000 0.1673476
3.05000 0.1659361
3.10000 0.1644922
3.15000 0.1630184
3.20000 0.1615172
3.25000 0.1599907
3.30000 0.1584412
3.35000 0.1568706
3.40000 0.1552810
3.45000 0.1536743
3.50000 0.1520522
3.55000 0.1504166
3.60000 0.1487690
3.65000 0.1471111
3.70000 0.1454444
3.75000 0.1437703
3.80000 0.1420902
3.85000 0.1404054
3.90000 0.1387172
3.95000 0.1370268
4.00000 0.1353353
4.05000 0.1336438
4.10000 0.1319533
4.15000 0.1302648
4.20000 0.1285792
4.25000 0.1268975
4.30000 0.1252205
4.35000 0.1235489
4.40000 0.1218835
4.45000 0.1202250
4.50000 0.1185741
4.55000 0.1169315
4.60000 0.1152977
4.65000 0.1136733
4.70000 0.1120588
4.75000 0.1104547
4.80000 0.1088615
4.85000 0.1072797
4.90000 0.1057096
4.95000 0.1041517
5.00000 0.1026062
5.05000 0.1010736
5.10000 0.0995541
5.15000 0.0980480
5.20000 0.0965557
5.25000 0.0950772
5.30000 0.0936129
5.35000 0.0921629
5.40000 0.0907274
5.45000 0.0893067
5.50000 0.0879008
5.55000 0.0865099
5.60000 0.0851341
5.65000 0.0837735
5.70000 0.0824282
5.75000 0.0810982
5.80000 0.0797837
5.85000 0.0784846
5.90000 0.0772011
5.95000 0.0759331
6.00000 0.0746806
6.05000 0.0734437
6.10000 0.0722224
6.15000 0.0710166
6.20000 0.0698263
6.25000 0.0686515
6.30000 0.0674921
6.35000 0.0663481
6.40000 0.0652195
6.45000 0.0641062
6.50000 0.0630081
6.55000 0.0619251
6.60000 0.0608572
6.65000 0.0598043
6.70000 0.0587663
6.75000 0.0577431
6.80000 0.0567346
6.85000 0.0557406
6.90000 0.0547612
6.95000 0.0537962
7.00000 0.0528454
7.05000 0.0519088
7.10000 0.0509862
7.15000 0.0500776
7.20000 0.0491827
7.25000 0.0483015
7.30000 0.0474338
7.35000 0.0465795
7.40000 0.0457385
7.45000 0.0449106
7.50000 0.0440958
7.55000 0.0432938
7.60000 0.0425045
7.65000 0.0417278
7.70000 0.0409635
7.75000 0.0402115
7.80000 0.0394717
7.85000 0.0387439
7.90000 0.0380280
7.95000 0.0373239
8.00000 0.0366313
8.05000 0.0359501
8.10000 0.0352803
8.15000 0.0346216
8.20000 0.0339740
8.25000 0.0333372
8.30000 0.0327112
8.35000 0.0320957
8.40000 0.0314907
8.45000 0.0308960
8.50000 0.0303115
8.55000 0.0297370
8.60000 0.0291724
8.65000 0.0286176
8.70000 0.0280723
8.75000 0.0275366
8.80000 0.0270101
8.85000 0.0264929
8.90000 0.0259848
8.95000 0.0254856
9.00000 0.0249952
9.05000 0.0245135
9.10000 0.0240404
9.15000 0.0235757
9.20000 0.0231192
9.25000 0.0226710
9.30000 0.0222307
9.35000 0.0217984
9.40000 0.0213739
9.45000 0.0209571
9.50000 0.0205478
9.55000 0.0201459
9.60000 0.0197514
9.65000 0.0193641
9.70000 0.0189838
9.75000 0.0186105
9.80000 0.0182441
9.85000 0.0178845
9.90000 0.0175314
9.95000 0.0171849
10.00000 0.0168449
10.05000 0.0165111
10.10000 0.0161836
10.15000 0.0158621
10.20000 0.0155467
10.25000 0.0152372
10.30000 0.0149335
10.35000 0.0146355
10.40000 0.0143431
10.45000 0.0140562
10.50000 0.0137747
10.55000 0.0134986
10.60000 0.0132277
10.65000 0.0129620
10.70000 0.0127013
10.75000 0.0124456
10.80000 0.0121948
10.85000 0.0119487
10.90000 0.0117074
10.95000 0.0114708
11.00000 0.0112386
11.05000 0.0110110
11.10000 0.0107877
11.15000 0.0105687
11.20000 0.0103540
11.25000 0.0101435
11.30000 0.0099370
11.35000 0.0097345
11.40000 0.0095360
11.45000 0.0093413
11.50000 0.0091505
11.55000 0.0089634
11.60000 0.0087799
11.65000 0.0086000
11.70000 0.0084237
11.75000 0.0082508
11.80000 0.0080814
11.85000 0.0079152
11.90000 0.0077524
11.95000 0.0075927
12.00000 0.0074363
12.05000 0.0072829
12.10000 0.0071325
12.15000 0.0069852
12.20000 0.0068407
12.25000 0.0066992
12.30000 0.0065605
12.35000 0.0064245
12.40000 0.0062912
12.45000 0.0061606
12.50000 0.0060327
12.55000 0.0059073
12.60000 0.0057844
12.65000 0.0056639
12.70000 0.0055459
12.75000 0.0054303
12.80000 0.0053170
12.85000 0.0052060
12.90000 0.0050972
12.95000 0.0049906
13.00000 0.0048862
13.05000 0.0047839
13.10000 0.0046836
13.15000 0.0045854
13.20000 0.0044892
13.25000 0.0043950
13.30000 0.0043026
13.35000 0.0042122
13.40000 0.0041236
13.45000 0.0040368
13.50000 0.0039517
13.55000 0.0038684
13.60000 0.0037868
13.65000 0.0037069
13.70000 0.0036286
13.75000 0.0035520
13.80000 0.0034769
13.85000 0.0034033
13.90000 0.0033313
13.95000 0.0032607
14.00000 0.0031916
14.05000 0.0031239
14.10000 0.0030576
14.15000 0.0029927
14.20000 0.0029291
14.25000 0.0028669
14.30000 0.0028059
14.35000 0.0027462
14.40000 0.0026877
14.45000 0.0026305
14.50000 0.0025744
14.55000 0.0025195
14.60000 0.0024657
14.65000 0.0024131
14.70000 0.0023615
14.75000 0.0023111
14.80000 0.0022616
14.85000 0.0022132
14.90000 0.0021659
14.95000 0.0021195
15.00000 0.0020741
15.05000 0.0020296
15.10000 0.0019861
15.15000 0.0019434
15.20000 0.0019017
15.25000 0.0018609
15.30000 0.0018209
15.35000 0.0017817
15.40000 0.0017434
15.45000 0.0017059
15.50000 0.0016691
15.55000 0.0016332
15.60000 0.0015980
15.65000 0.0015635
15.70000 0.0015298
15.75000 0.0014968
15.80000 0.0014644
15.85000 0.0014328
15.90000 0.0014018
15.95000 0.0013715
16.00000 0.0013419
16.05000 0.0013128
16.10000 0.0012844
16.15000 0.0012566
16.20000 0.0012293
16.25000 0.0012027
16.30000 0.0011766
16.35000 0.0011511
16.40000 0.0011261
16.45000 0.0011016
16.50000 0.0010777
16.55000 0.0010543
16.60000 0.0010313
16.65000 0.0010089
16.70000 0.0009870
16.75000 0.0009655
16.80000 0.0009444
16.85000 0.0009239
16.90000 0.0009037
16.95000 0.0008840
17.00000 0.0008647
17.05000 0.0008459
17.10000 0.0008274
17.15000 0.0008093
17.20000 0.0007917
17.25000 0.0007744
17.30000 0.0007574
17.35000 0.0007409
17.40000 0.0007246
17.45000 0.0007088
17.50000 0.0006933
17.55000 0.0006781
17.60000 0.0006632
17.65000 0.0006487
17.70000 0.0006345
17.75000 0.0006205
17.80000 0.0006069
17.85000 0.0005936
17.90000 0.0005806
17.95000 0.0005678
18.00000 0.0005553
18.05000 0.0005431
18.10000 0.0005312
18.15000 0.0005195
18.20000 0.0005081
18.25000 0.0004969
18.30000 0.0004860
18.35000 0.0004753
18.40000 0.0004648
18.45000 0.0004545
18.50000 0.0004445
18.55000 0.0004347
18.60000 0.0004251
18.65000 0.0004157
18.70000 0.0004066
18.75000 0.0003976
18.80000 0.0003888
18.85000 0.0003802
18.90000 0.0003718
18.95000 0.0003636
19.00000 0.0003555
19.05000 0.0003477
19.10000 0.0003400
19.15000 0.0003325
19.20000 0.0003251
19.25000 0.0003179
19.30000 0.0003109
19.35000 0.0003040
19.40000 0.0002972
19.45000 0.0002906
19.50000 0.0002842
19.55000 0.0002779
19.60000 0.0002717
19.65000 0.0002657
19.70000 0.0002598
19.75000 0.0002540
19.80000 0.0002484
19.85000 0.0002428
19.90000 0.0002374
19.95000 0.0002322
20.00000 0.0002270
