x p
-5.00000 0.0000051
-4.97500 0.0000057
-4.95000 0.0000063
-4.92500 0.0000069
-4.90000 0.0000077
-4.87500 0.0000085
-4.85000 0.0000093
-4.82500 0.0000103
-4.80000 0.0000114
-4.77500 0.0000126
-4.75000 0.0000139
-4.72500 0.0000153
-4.70000 0.0000168
-4.67500 0.0000185
-4.65000 0.0000204
-4.62500 0.0000225
-4.60000 0.0000248
-4.57500 0.0000272
-4.55000 0.0000300
-4.52500 0.0000329
-4.50000 0.0000362
-4.47500 0.0000398
-4.45000 0.0000437
-4.42500 0.0000480
-4.40000 0.0000526
-4.37500 0.0000578
-4.35000 0.0000633
-4.32500 0.0000695
-4.30000 0.0000761
-4.27500 0.0000834
-4.25000 0.0000913
-4.22500 0.0001000
-4.20000 0.0001094
-4.17500 0.0001197
-4.15000 0.0001309
-4.12500 0.0001431
-4.10000 0.0001564
-4.07500 0.0001709
-4.05000 0.0001866
-4.02500 0.0002036
-4.00000 0.0002222
-3.97500 0.0002423
-3.95000 0.0002642
-3.92500 0.0002879
-3.90000 0.0003136
-3.87500 0.0003415
-3.85000 0.0003717
-3.82500 0.0004044
-3.80000 0.0004398
-3.77500 0.0004781
-3.75000 0.0005196
-3.72500 0.0005644
-3.70000 0.0006128
-3.67500 0.0006651
-3.65000 0.0007215
-3.62500 0.0007824
-3.60000 0.0008481
-3.57500 0.0009189
-3.55000 0.0009951
-3.52500 0.0010773
-3.50000 0.0011657
-3.47500 0.0012608
-3.45000 0.0013630
-3.42500 0.0014729
-3.40000 0.0015910
-3.37500 0.0017178
-3.35000 0.0018538
-3.32500 0.0019997
-3.30000 0.0021561
-3.27500 0.0023236
-3.25000 0.0025031
-3.22500 0.0026952
-3.20000 0.0029006
-3.17500 0.0031203
-3.15000 0.0033550
-3.12500 0.0036057
-3.10000 0.0038733
-3.07500 0.0041588
-3.05000 0.0044632
-3.02500 0.0047876
-3.00000 0.0051332
-2.97500 0.0055010
-2.95000 0.0058923
-2.92500 0.0063084
-2.90000 0.0067505
-2.87500 0.0072201
-2.85000 0.0077186
-2.82500 0.0082474
-2.80000 0.0088080
-2.77500 0.0094021
-2.75000 0.0100312
-2.72500 0.0106970
-2.70000 0.0114013
-2.67500 0.0121457
-2.65000 0.0129322
-2.62500 0.0137625
-2.60000 0.0146386
-2.57500 0.0155625
-2.55000 0.0165362
-2.52500 0.0175616
-2.50000 0.0186409
-2.47500 0.0197762
-2.45000 0.0209696
-2.42500 0.0222234
-2.40000 0.0235396
-2.37500 0.0249205
-2.35000 0.0263684
-2.32500 0.0278855
-2.30000 0.0294740
-2.27500 0.0311363
-2.25000 0.0328746
-2.22500 0.0346911
-2.20000 0.0365880
-2.17500 0.0385677
-2.15000 0.0406322
-2.12500 0.0427836
-2.10000 0.0450242
-2.07500 0.0473560
-2.05000 0.0497808
-2.02500 0.0523008
-2.00000 0.0549176
-1.97500 0.0576332
-1.95000 0.0604490
-1.92500 0.0633668
-1.90000 0.0663879
-1.87500 0.0695136
-1.85000 0.0727452
-1.82500 0.0760837
-1.80000 0.0795300
-1.77500 0.0830848
-1.75000 0.0867487
-1.72500 0.0905220
-1.70000 0.0944050
-1.67500 0.0983976
-1.65000 0.1024995
-1.62500 0.1067104
-1.60000 0.1110295
-1.57500 0.1154560
-1.55000 0.1199886
-1.52500 0.1246260
-1.50000 0.1293664
-1.47500 0.1342080
-1.45000 0.1391485
-1.42500 0.1441853
-1.40000 0.1493159
-1.37500 0.1545370
-1.35000 0.1598454
-1.32500 0.1652373
-1.30000 0.1707089
-1.27500 0.1762559
-1.25000 0.1818738
-1.22500 0.1875577
-1.20000 0.1933027
-1.17500 0.1991032
-1.15000 0.2049537
-1.12500 0.2108482
-1.10000 0.2167804
-1.07500 0.2227439
-1.05000 0.2287320
-1.02500 0.2347377
-1.00000 0.2407538
-0.97500 0.2467729
-0.95000 0.2527873
-0.92500 0.2587893
-0.90000 0.2647709
-0.87500 0.2707240
-0.85000 0.2766402
-0.82500 0.2825111
-0.80000 0.2883282
-0.77500 0.2940830
-0.75000 0.2997667
-0.72500 0.3053707
-0.70000 0.3108863
-0.67500 0.3163046
-0.65000 0.3216171
-0.62500 0.3268150
-0.60000 0.3318898
-0.57500 0.3368331
-0.55000 0.3416363
-0.52500 0.3462913
-0.50000 0.3507901
-0.47500 0.3551248
-0.45000 0.3592876
-0.42500 0.3632713
-0.40000 0.3670686
-0.37500 0.3706726
-0.35000 0.3740768
-0.32500 0.3772749
-0.30000 0.3802609
-0.27500 0.3830294
-0.25000 0.3855750
-0.22500 0.3878931
-0.20000 0.3899793
-0.17500 0.3918295
-0.15000 0.3934402
-0.12500 0.3948085
-0.10000 0.3959315
-0.07500 0.3968073
-0.05000 0.3974340
-0.02500 0.3978105
0.00000 0.3979361
0.02500 0.3978105
0.05000 0.3974340
0.07500 0.3968073
0.10000 0.3959315
0.12500 0.3948085
0.15000 0.3934402
0.17500 0.3918295
0.20000 0.3899793
0.22500 0.3878931
0.25000 0.3855750
0.27500 0.3830294
0.30000 0.3802609
0.32500 0.3772749
0.35000 0.3740768
0.37500 0.3706726
0.40000 0.3670686
0.42500 0.3632713
0.45000 0.3592876
0.47500 0.3551248
0.50000 0.3507901
0.52500 0.3462913
0.55000 0.3416363
0.57500 0.3368331
0.60000 0.3318898
0.62500 0.3268150
0.65000 0.3216171
0.67500 0.3163046
0.70000 0.3108863
0.72500 0.3053707
0.75000 0.2997667
0.77500 0.2940830
0.80000 0.2883282
0.82500 0.2825111
0.85000 0.2766402
0.87500 0.2707240
0.90000 0.2647709
0.92500 0.2587893
0.95000 0.2527873
0.97500 0.2467729
1.00000 0.2407538
1.02500 0.2347377
1.05000 0.2287320
1.07500 0.2227439
1.10000 0.2167804
1.12500 0.2108482
1.15000 0.2049537
1.17500 0.1991032
1.20000 0.1933027
1.22500 0.1875577
1.25000 0.1818738
1.27500 0.1762559
1.30000 0.1707089
1.32500 0.1652373
1.35000 0.1598454
1.37500 0.1545370
1.40000 0.1493159
1.42500 0.1441853
1.45000 0.1391485
1.47500 0.1342080
1.50000 0.1293664
1.52500 0.1246260
1.55000 0.1199886
1.57500 0.1154560
1.60000 0.1110295
1.62500 0.1067104
1.65000 0.1024995
1.67500 0.0983976
1.70000 0.0944050
1.72500 0.0905220
1.75000 0.0867487
1.77500 0.0830848
1.80000 0.0795300
1.82500 0.0760837
1.85000 0.0727452
1.87500 0.0695136
1.90000 0.0663879
1.92500 0.0633668
1.95000 0.0604490
1.97500 0.0576332
2.00000 0.0549176
2.02500 0.0523008
2.05000 0.0497808
2.07500 0.0473560
2.10000 0.0450242
2.12500 0.0427836
2.15000 0.0406322
2.17500 0.0385677
2.20000 0.0365880
2.22500 0.0346911
2.25000 0.0328746
2.27500 0.0311363
2.30000 0.0294740
2.32500 0.0278855
2.35000 0.0263684
2.37500 0.0249205
2.40000 0.0235396
2.42500 0.0222234
2.45000 0.0209696
2.47500 0.0197762
2.50000 0.0186409
2.52500 0.0175616
2.55000 0.0165362
2.57500 0.0155625
2.60000 0.0146386
2.62500 0.0137625
2.65000 0.0129322
2.67500 0.0121457
2.70000 0.0114013
2.72500 0.0106970
2.75000 0.0100312
2.77500 0.0094021
2.80000 0.0088080
2.82500 0.0082474
2.85000 0.0077186
2.87500 0.0072201
2.90000 0.0067505
2.92500 0.0063084
2.95000 0.0058923
2.97500 0.0055010
3.00000 0.0051332
3.02500 0.0047876
3.05000 0.0044632
3.07500 0.0041588
3.10000 0.0038733
3.12500 0.0036057
3.15000 0.0033550
3.17500 0.0031203
3.20000 0.0029006
3.22500 0.0026952
3.25000 0.0025031
3.27500 0.0023236
3.30000 0.0021561
3.32500 0.0019997
3.35000 0.0018538
3.37500 0.0017178
3.40000 0.0015910
3.42500 0.0014729
3.45000 0.0013630
3.47500 0.0012608
3.50000 0.0011657
3.52500 0.0010773
3.55000 0.0009951
3.57500 0.0009189
3.60000 0.0008481
3.62500 0.0007824
3.65000 0.0007215
3.67500 0.0006651
3.70000 0.0006128
3.72500 0.0005644
3.75000 0.0005196
3.77500 0.0004781
3.80000 0.0004398
3.82500 0.0004044
3.85000 0.0003717
3.87500 0.0003415
3.90000 0.0003136
3.92500 0.0002879
3.95000 0.0002642
3.97500 0.0002423
4.00000 0.0002222
4.02500 0.0002036
4.05000 0.0001866
4.07500 0.0001709
4.10000 0.0001564
4.12500 0.0001431
4.15000 0.0001309
4.17500 0.0001197
4.20000 0.0001094
4.22500 0.0001000
4.25000 0.0000913
4.27500 0.0000834
4.30000 0.0000761
4.32500 0.0000695
4.35000 0.0000633
4.37500 0.0000578
4.40000 0.0000526
4.42500 0.0000480
4.45000 0.0000437
4.47500 0.0000398
4.50000 0.0000362
4.52500 0.0000329
4.55000 0.0000300
4.57500 0.0000272
4.60000 0.0000248
4.62500 0.0000225
4.65000 0.0000204
4.67500 0.0000185
4.70000 0.0000168
4.72500 0.0000153
4.75000 0.0000139
4.77500 0.0000126
4.80000 0.0000114
4.82500 0.0000103
4.85000 0.0000093
4.87500 0.0000085
4.90000 0.0000077
4.92500 0.0000069
4.95000 0.0000063
4.97500 0.0000057
5.00000 0.0000051
