idx xbar lower upper
1 10.7307 9.9467 11.5147
3 10.3832 9.5992 11.1672
4 10.0279 9.2439 10.8119
5 10.5273 9.7433 11.3113
6 10.1543 9.3703 10.9383
7 10.7309 9.9469 11.5149
8 10.0127 9.2287 10.7967
9 9.7935 9.0095 10.5775
10 10.2322 9.4482 11.0162
11 10.1728 9.3888 10.9568
12 9.8573 9.0733 10.6413
13 9.9011 9.1171 10.6851
14 10.2878 9.5038 11.0718
15 10.2817 9.4977 11.0657
16 9.8024 9.0184 10.5864
17 9.8529 9.0689 10.6369
18 9.2773 8.4933 10.0613
19 10.6717 9.8877 11.4557
20 9.9103 9.1263 10.6943
