x density
-3.4000 0.000000
-3.2000 0.000000
-3.0000 0.000000
-2.8000 0.000000
-2.6000 0.000301
-2.4000 0.003409
-2.2000 0.010326
-2.0000 0.026867
-1.8000 0.061353
-1.6000 0.115489
-1.4000 0.169925
-1.2000 0.247820
-1.0000 0.308571
-0.8000 0.368020
-0.6000 0.381754
-0.4000 0.408622
-0.2000 0.409123
0.0000 0.398697
0.2000 0.374937
0.4000 0.324311
0.6000 0.280401
0.8000 0.246917
1.0000 0.199799
1.2000 0.157494
1.4000 0.129123
1.6000 0.101253
1.8000 0.073784
2.0000 0.059248
2.2000 0.044912
2.4000 0.033684
2.6000 0.024962
2.8000 0.015840
3.0000 0.010526
3.2000 0.007719
3.4000 0.004812
