x density
-3.4000 0.000000
-3.2000 0.000000
-3.0000 0.000000
-2.8000 0.000000
-2.6000 0.000000
-2.4000 0.000000
-2.2000 0.000000
-2.0000 0.000000
-1.8000 0.000000
-1.6000 0.000000
-1.4000 0.000000
-1.2000 0.000000
-1.0000 0.479420
-0.8000 0.830469
-0.6000 0.687341
-0.4000 0.548356
-0.2000 0.455363
0.0000 0.373893
0.2000 0.300004
0.4000 0.243703
0.6000 0.202462
0.8000 0.169207
1.0000 0.138075
1.2000 0.114018
1.4000 0.095621
1.6000 0.076315
1.8000 0.062366
2.0000 0.049731
2.2000 0.043565
2.4000 0.036085
2.6000 0.025068
2.8000 0.019609
3.0000 0.020216
3.2000 0.017588
3.4000 0.011523
