x density
-3.4000 0.000100
-3.2000 0.000901
-3.0000 0.001001
-2.8000 0.004103
-2.6000 0.008606
-2.4000 0.015812
-2.2000 0.032024
-2.0000 0.049737
-1.8000 0.080960
-1.6000 0.117087
-1.4000 0.156116
-1.2000 0.202850
-1.0000 0.259392
-0.8000 0.313032
-0.6000 0.346757
-0.4000 0.384785
-0.2000 0.399596
0.0000 0.406601
0.2000 0.391390
0.4000 0.346657
0.6000 0.319737
0.8000 0.263295
1.0000 0.233173
1.2000 0.175030
1.4000 0.141104
1.6000 0.106279
1.8000 0.081861
2.0000 0.056942
2.2000 0.039129
2.4000 0.025119
2.6000 0.016512
2.8000 0.009107
3.0000 0.006705
3.2000 0.005304
3.4000 0.003202
