x density
-3.4000 0.000000
-3.2000 0.000000
-3.0000 0.000000
-2.8000 0.000000
-2.6000 0.000000
-2.4000 0.000000
-2.2000 0.000000
-2.0000 0.000000
-1.8000 0.000000
-1.6000 0.000000
-1.4000 0.059877
-1.2000 0.318233
-1.0000 0.461272
-0.8000 0.519939
-0.6000 0.497359
-0.4000 0.485868
-0.2000 0.441212
0.0000 0.385771
0.2000 0.336176
0.4000 0.283759
0.6000 0.229729
0.8000 0.202411
1.0000 0.159772
1.2000 0.128422
1.4000 0.108564
1.6000 0.084170
1.8000 0.069453
2.0000 0.058163
2.2000 0.044051
2.4000 0.036994
2.6000 0.026007
2.8000 0.020463
3.0000 0.018044
3.2000 0.012600
3.4000 0.011693
