x phi
-3.500 0.000233
-3.400 0.000337
-3.300 0.000483
-3.200 0.000687
-3.100 0.000968
-3.000 0.001350
-2.900 0.001866
-2.800 0.002555
-2.700 0.003467
-2.600 0.004661
-2.500 0.006210
-2.400 0.008198
-2.300 0.010724
-2.200 0.013903
-2.100 0.017864
-2.000 0.022750
-1.900 0.028717
-1.800 0.035930
-1.700 0.044565
-1.600 0.054799
-1.500 0.066807
-1.400 0.080757
-1.300 0.096800
-1.200 0.115070
-1.100 0.135666
-1.000 0.158655
-0.900 0.184060
-0.800 0.211855
-0.700 0.241964
-0.600 0.274253
-0.500 0.308538
-0.400 0.344578
-0.300 0.382089
-0.200 0.420740
-0.100 0.460172
0.000 0.500000
0.100 0.539828
0.200 0.579260
0.300 0.617911
0.400 0.655422
0.500 0.691462
0.600 0.725747
0.700 0.758036
0.800 0.788145
0.900 0.815940
1.000 0.841345
1.100 0.864334
1.200 0.884930
1.300 0.903200
1.400 0.919243
1.500 0.933193
1.600 0.945201
1.700 0.955435
1.800 0.964070
1.900 0.971283
2.000 0.977250
2.100 0.982136
2.200 0.986097
2.300 0.989276
2.400 0.991802
2.500 0.993790
2.600 0.995339
2.700 0.996533
2.800 0.997445
2.900 0.998134
3.000 0.998650
3.100 0.999032
3.200 0.999313
3.300 0.999517
3.400 0.999663
3.500 0.999767
