n xbar
1 0.00000
2 0.50000
3 0.66667
4 0.50000
5 0.60000
6 0.50000
7 0.57143
8 0.62500
9 0.66667
10 0.60000
11 0.54545
12 0.50000
13 0.53846
15 0.60000
16 0.62500
18 0.61111
20 0.65000
22 0.63636
24 0.62500
26 0.65385
29 0.62069
32 0.62500
35 0.60000
39 0.56410
43 0.55814
47 0.53191
52 0.53846
57 0.56140
63 0.53968
69 0.52174
76 0.53947
84 0.53571
92 0.54348
101 0.52475
112 0.49107
123 0.48780
135 0.49630
149 0.47651
164 0.46951
180 0.47778
199 0.48241
219 0.47489
241 0.47718
265 0.49811
292 0.50342
321 0.50467
354 0.50565
390 0.50769
429 0.51282
472 0.51483
520 0.51538
573 0.52182
630 0.52857
694 0.52450
764 0.52094
841 0.52438
926 0.51836
1020 0.52157
1123 0.52360
1236 0.51699
1361 0.51433
1499 0.50901
1650 0.50848
1817 0.51238
2000 0.50850
