n xbar
1 0.00000
2 0.00000
3 0.00000
4 0.25000
5 0.40000
6 0.33333
7 0.28571
8 0.37500
9 0.44444
10 0.40000
11 0.36364
12 0.41667
13 0.38462
15 0.40000
16 0.37500
18 0.33333
20 0.40000
22 0.36364
24 0.37500
26 0.34615
29 0.31034
32 0.31250
35 0.31429
39 0.30769
43 0.34884
47 0.36170
52 0.36538
57 0.36842
63 0.36508
69 0.37681
76 0.39474
84 0.41667
92 0.44565
101 0.45545
112 0.44643
123 0.47154
135 0.48148
149 0.48993
164 0.48171
180 0.48889
199 0.48241
219 0.48402
241 0.48963
265 0.48679
292 0.48630
321 0.49844
354 0.49435
390 0.48718
429 0.47086
472 0.47246
520 0.47308
573 0.48168
630 0.48730
694 0.50288
764 0.51178
841 0.51486
926 0.51296
1020 0.52059
1123 0.52449
1236 0.51861
1361 0.51800
1499 0.51568
1650 0.51879
1817 0.52009
2000 0.51450
