n xbar
1 1.00000
2 0.50000
3 0.66667
4 0.75000
5 0.60000
6 0.66667
7 0.71429
8 0.62500
9 0.66667
10 0.60000
11 0.63636
12 0.66667
13 0.61538
15 0.60000
16 0.62500
18 0.55556
20 0.55000
22 0.54545
24 0.50000
26 0.53846
29 0.55172
32 0.56250
35 0.57143
39 0.58974
43 0.53488
47 0.48936
52 0.51923
57 0.52632
63 0.50794
69 0.52174
76 0.52632
84 0.53571
92 0.53261
101 0.52475
112 0.50000
123 0.48780
135 0.47407
149 0.48322
164 0.48171
180 0.47222
199 0.47739
219 0.47945
241 0.47718
265 0.46792
292 0.46575
321 0.46417
354 0.46328
390 0.45385
429 0.46154
472 0.47669
520 0.47692
573 0.47818
630 0.48889
694 0.48271
764 0.48298
841 0.47681
926 0.47948
1020 0.47549
1123 0.46928
1236 0.47087
1361 0.47318
1499 0.47498
1650 0.48545
1817 0.48431
2000 0.48400
